581 28
582 12
582 14
582 15
582 16
582 17
582 18
582 19
582 20
582 21
582 22
582 23
582 24
582 25
582 26
582 27
582 28
582 29
582 30
582 31
582 32
582 33
582 34
582 35
582 36
582 37
582 38
582 39
582 40
582 42
582 43
582 44
582 45
582 46
582 47
582 48
582 49
582 52
582 53
582 54
582 55
582 56
582 72
582 73
582 74
582 75
582 76
582 77
582 78
583 28
583 29
583 30
583 31
583 32
583 33
583 34
583 35
583 36
583 37
583 38
584 22
584 31
584 32
584 34
584 35
584 36
584 37
584 39
585 91
585 92
585 93
585 97
585 98
585 99
586 42
586 43
586 44
586 45
586 46
586 47
586 48
586 49
586 62
586 63
586 65
586 66
587 23
587 24
587 25
587 26
587 27
587 29
587 31
587 32
587 33
587 34
587 35
587 37
587 38
587 39
587 50
587 52
587 58
589 21
589 23
589 25
589 27
589 29
589 31
589 33
589 35
589 37
589 39
589 41
589 43
589 50
589 51
589 52
589 53
589 55
589 57
